7342951860
2319750846
3951706248
0859472613
6278194035
1675084392
4581072639
3175602948
2641589307
3076428195
8612930457
1904572386
4678210953
9571024683
7832915640
4865902731
1502468973
8962350147
4270958136
3217409685
1523907864
6594871230
9814057326
5612487039
1487250396
3957821064
9673154082
4235701896
4985316270
8694750321
5678123456
3456789012
7890123456
2345678901
6789012345
4567890123
8901234567
1234567890
9012345678
5678901234
3456789012
7890123456
2345678901
6789012345
4567890123
8901234567
1234567890
9012345678
5678901234
3456789012
7890123456
2345678901
6789012345
4567890123
8901234567
1234567890
9012345678
5678901234
3456789012
7890123456
2345678901
6789012345
4567890123
8901234567
1234567890
9012345678
5678901234
3456789012
7890123456
2345678901
6789012345
4567890123
8901234567
1234567890
9012345678
5678901234
3456789012
7890123456
2345678901
6789012345
4567890123
8901234567
1234567890
9012345678
5678901234
3456789012
7890123456
2345678901
6789012345
4567890123
8901234567
1234567890
9012345678
5678901234
3456789012
7890123456
2345678901
6789012345
4567890123
8901234567